builtin
power
inverse
rayleigh
single pass

COUNTER:
Columns 1 through 6

         0           0           0           0           0           0
      5000         600        5000         566        1511        5000
         6          10           5           7           8          13
         6           9           5           7           8        5000
         1           1           1           1           1           1

Columns 7 through 12

         0           0           0           0           0           0
      5000        2418        5000         904        1429        1994
         8           9           7           8           6           7
         8           9           8        5000           6           6
         1           1           1           1           1           1

Columns 13 through 18

         0           0           0           0           0           0
      1136        1408        5000        5000        5000        5000
         5           7           5           8           9           6
         7           7           5          11           9           6
         1           1           1           1           1           1

Columns 19 through 20

         0           0
      3217        5000
         8           9
         8           9
         1           1


ANSWER:
answerMatrix =

  Columns 1 through 7

   13.8768   20.0552   24.0823   28.3154   31.1090   33.9142   37.2443
  -14.3277   20.0552  -24.9308   28.3130   31.1089  -35.0354  -34.2368
  -13.0786   16.1467  -17.1161   16.8905  -19.9727  -26.2088  -24.1074
  -13.0786   16.1467  -17.1161   16.8905  -19.9727  -26.2088  -24.1074
   13.8768   20.0552   24.0823   28.3154   31.1090   33.9142   37.2443

  Columns 8 through 14

   39.3680   41.9451   44.7057   46.6675   48.5896   51.0224   52.9639
   39.3679  -42.5643   44.7057   46.6675   48.5896   51.0224   52.9639
   31.6248   33.1848   35.7233   35.1016  -39.8213   39.7911  -35.5261
   31.6248   33.1848   35.7233   35.1016  -39.8213   39.7911  -35.5261
   39.3680   41.9451   44.7057   46.6675   48.5896   51.0224   52.9639

  Columns 15 through 20

   54.1444   55.8667   57.8295   59.5255   61.3698   62.8948
  -54.7416  -56.6954  -58.3301  -59.8257   61.3697  -63.0401
  -42.9471  -42.0608  -36.1570   33.8637   44.7313   30.5289
  -42.9471  -42.0608  -36.1570   33.8637   44.7313   30.5289
   54.1444   55.8667   57.8295   59.5255   61.3698   62.8948
